6013 77.61
9022 88.93
8038 92.95
3048 51.86
2050 86.48
6065 65.23
3079 84.83
9088 80.94
1091 85.65
8108 77.98
5119 68.63
4125 86.33
7132 81.92
5140 51.07
6151 72.85
9168 92.59
6175 70.62
9187 68.32
7195 89.32
5208 53.94
9217 95.81
1221 44.51
6236 73.97
5248 84.26
6251 83.93
6267 77.83
5274 91.24
2283 91.74
1296 79.35
6307 64.36
9317 96.36
6322 83.62
2339 82.88
8345 81.86
8350 86.54
5366 66.84
6371 68.39
9389 90.25
5391 77.45
7409 78.57
7413 71.22
8424 80.39
8436 86.67
1444 59.62
-99

